4.098049451993305 4.30262459657321 0.5 
90 177 87 0.44375733360548864 0.34403404002619636
6.57987774417105 -5.29854886177576 0.5 
206 111 44 0.47209875144272473 0.466908932097294
-0.70209278577655 0.8450590527224993 0.5 
104 79 66 0.15099565795343106 0.13401372530113723
-8.561644732476042 4.253724299258764 0.5 
236 108 78 0.23890317203995834 0.49950271202713403
-2.721431662874691 -8.088914300973677 0.5 
91 26 240 0.282671448863854 0.26864021342560374
3.6716920199277716 9.646090196536711 0.5 
214 86 223 0.3309505820042352 0.34899094968581196
-4.08597377417125 6.24663655037477 0.5 
233 190 46 0.17964210938752123 0.34049759414658076
-1.1162731203364267 2.9405496616827005 0.5 
175 26 230 0.41855530062006197 0.3104570380705931
4.555511866362796 0.34087909235713987 0.5 
67 151 254 0.23192223455863337 0.1528688888450499
2.6871128525338346 -1.4114602954251705 0.5 
34 157 141 0.393351655798614 0.39144405004673655
3.618529763354694 -4.423810300811171 0.5 
56 203 212 0.37136060327199805 0.3890728470388023
6.911552899393008 -9.247903133054571 0.5 
240 187 221 0.28752148108620107 0.3821839684496825
-0.6197306090913237 -7.107319839347044 0.5 
254 81 151 0.17854889364058898 0.3468758733130175
-1.06629103284744 6.7748930731325 0.5 
136 230 123 0.2683432145577157 0.2953507308499208
-5.29297970347681 -7.197791357830001 0.5 
40 61 58 0.4000374899617982 0.27877092558359046
4.661243765161267 5.784199289746351 0.5 
249 207 34 0.3486668859731432 0.38581067930238455
1.3104653624825584 -8.274091836041215 0.5 
140 72 62 0.13398360112923166 0.441807561923362
-8.917454444731703 6.718623425637226 0.5 
230 35 41 0.3168846994407978 0.16361649978236875
-1.429735899765225 9.37264237549379 0.5 
186 216 51 0.3094604076068373 0.491689077253733
4.280955244194313 6.121465856515293 0.5 
102 167 82 0.1917750445344944 0.43225436541428985
-5.772247930558412 4.524178889313674 0.5 
122 102 138 0.335329023804228 0.49916474598251803
-9.854001154783196 -9.664725987331567 0.5 
231 89 76 0.3111394486915039 0.22242475334635028
-8.191110198446609 -3.865426017575757 0.5 
190 103 42 0.3010827602884917 0.11022816109366458
-0.8799518216498452 -1.0133315268766356 0.5 
29 226 58 0.47506734543016205 0.1466802342396224
4.11830126225863 5.762066772524388 0.5 
1 244 106 0.34043185679190224 0.3469270750566186
4.310239375880995 -6.243704758742612 0.5 
69 192 48 0.4353440820184383 0.4630747599971794
-0.6075838321286788 8.394932971598529 0.5 
118 55 217 0.17837115479397442 0.12808700399383952
9.973167644448296 7.468886681218361 0.5 
166 90 9 0.34610279628137086 0.4913638585770085
1.7278927070203665 8.759081989345386 0.5 
134 45 130 0.42758022255264316 0.29808997097760326
0.23211904557315144 -0.21762449443373022 0.5 
128 69 99 0.4052024057419078 0.15174908388118552
